m_Nt
4
m_Nr
4
m_size_constell
16
m_len_per_sym
4
Costellation
   3.5311e-06   3.3358e-06   3.3358e-06   3.1567e-06
   7.0622e-06   6.6715e-06   6.6715e-06   6.3134e-06
   1.4124e-05   1.3343e-05   1.3343e-05   1.2627e-05
   1.0593e-05   1.0007e-05   1.0007e-05     9.47e-06
   3.3358e-06   3.5311e-06   3.1567e-06   3.3358e-06
   6.6715e-06   7.0622e-06   6.3134e-06   6.6715e-06
   1.3343e-05   1.4124e-05   1.2627e-05   1.3343e-05
   1.0007e-05   1.0593e-05     9.47e-06   1.0007e-05
   3.3358e-06   3.1567e-06   3.5311e-06   3.3358e-06
   6.6715e-06   6.3134e-06   7.0622e-06   6.6715e-06
   1.3343e-05   1.2627e-05   1.4124e-05   1.3343e-05
   1.0007e-05     9.47e-06   1.0593e-05   1.0007e-05
   3.1567e-06   3.3358e-06   3.3358e-06   3.5311e-06
   6.3134e-06   6.6715e-06   6.6715e-06   7.0622e-06
   1.2627e-05   1.3343e-05   1.3343e-05   1.4124e-05
     9.47e-06   1.0007e-05   1.0007e-05   1.0593e-05
Segmentation fault: 11