m_Nt
4
m_Nr
4
m_size_constell
16
m_len_per_sym
4
Costellation
   5.5022e-07   5.1978e-07   5.1978e-07   4.9188e-07
   1.1004e-06   1.0396e-06   1.0396e-06   9.8376e-07
   2.2009e-06   2.0791e-06   2.0791e-06   1.9675e-06
   1.6507e-06   1.5593e-06   1.5593e-06   1.4756e-06
   1.3056e-06   1.3821e-06   1.2355e-06   1.3056e-06
   2.6113e-06   2.7642e-06   2.4711e-06   2.6113e-06
   5.2225e-06   5.5284e-06   4.9422e-06   5.2225e-06
   3.9169e-06   4.1463e-06   3.7066e-06   3.9169e-06
   3.2796e-06   3.1035e-06   3.4717e-06   3.2796e-06
   6.5592e-06   6.2071e-06   6.9434e-06   6.5592e-06
   1.3118e-05   1.2414e-05   1.3887e-05   1.3118e-05
   9.8388e-06   9.3106e-06   1.0415e-05   9.8388e-06
   7.7958e-06    8.238e-06    8.238e-06   8.7205e-06
   1.5592e-05   1.6476e-05   1.6476e-05   1.7441e-05
   3.1183e-05   3.2952e-05   3.2952e-05   3.4882e-05
   2.3387e-05   2.4714e-05   2.4714e-05   2.6161e-05
%%conven

   3.5311e-06   3.3358e-06   3.3358e-06   3.1567e-06
   7.0622e-06   6.6715e-06   6.6715e-06   6.3134e-06
   1.4124e-05   1.3343e-05   1.3343e-05   1.2627e-05
   1.0593e-05   1.0007e-05   1.0007e-05     9.47e-06
   3.3358e-06   3.5311e-06   3.1567e-06   3.3358e-06
   6.6715e-06   7.0622e-06   6.3134e-06   6.6715e-06
   1.3343e-05   1.4124e-05   1.2627e-05   1.3343e-05
   1.0007e-05   1.0593e-05     9.47e-06   1.0007e-05
   3.3358e-06   3.1567e-06   3.5311e-06   3.3358e-06
   6.6715e-06   6.3134e-06   7.0622e-06   6.6715e-06
   1.3343e-05   1.2627e-05   1.4124e-05   1.3343e-05
   1.0007e-05     9.47e-06   1.0593e-05   1.0007e-05
   3.1567e-06   3.3358e-06   3.3358e-06   3.5311e-06
   6.3134e-06   6.6715e-06   6.6715e-06   7.0622e-06
   1.2627e-05   1.3343e-05   1.3343e-05   1.4124e-05
     9.47e-06   1.0007e-05   1.0007e-05   1.0593e-05
%%equal